3	106292248
2	106292286
2	106292302
2	106292316
2	106292362
2	106292371
2	106292446
2	106292449
2	106292455
2	106292459
2	106292461
2	106292474
2	106292476
2	106292496
2	106292521
2	106292527
2	106292528
3	106292530
2	106292533
2	106292546
2	106292553
2	106292562
2	106292569
2	106292571
2	106292580
2	106292581
2	106292591
2	106292603
2	106292620
2	106292622
2	106292626
3	106292639
2	106292651
2	106292653
2	106292654
2	106292659
2	106292663
2	106292672
2	106292673
3	106292681
4	106292682
2	106292707
3	106292719
2	106292725
2	106292733
2	106292739
3	106292740
2	106292741
2	106292752
2	106292764
2	106292775
2	106292776
2	106292779
3	106292780
2	106292831
2	106292858
2	106292863
2	106292865
2	106292866
3	106292891
2	106292898
2	106292925
2	106292938
2	106292940
2	106292944
2	106292947
2	106292957
3	106292963
2	106292982
3	106292996
2	106293009
3	106293021
2	106293023
3	106293028
2	106293042
2	106293044
2	106293049
2	106293055
2	106293056
2	106293060
2	106293067
3	106293081
2	106293089
2	106293096
3	106293101
2	106293107
2	106293136
2	106293138
2	106293142
2	106293147
2	106293166
2	106293172
3	106293191
2	106293214
4	106293217
3	106293239
2	106293245
2	106293272
2	106293277
2	106293280
2	106293290
3	106293296
2	106293301
2	106293312
2	106293321
2	106293323
2	106293340
2	106293354
4	106293358
4	106293367
2	106293371
3	106293377
2	106293410
2	106293413
3	106293432
2	106293434
2	106293444
2	106293482
2	106293503
2	106293506
2	106293508
2	106293531
2	106293533
3	106293534
2	106293537
2	106293548
2	106293563
2	106293567
2	106293575
3	106293586
2	106293610
2	106293647
2	106293648
2	106293691
2	106293706
3	106293734
2	106293760
2	106293766
2	106293774
3	106293811
2	106293813
2	106293817
4	106293844
2	106293865
3	106293881
2	106293896
2	106293905
2	106293916
2	106293926
2	106293928
2	106293933
2	106293934
2	106293957
3	106293973
2	106294016
3	106294017
2	106294029
2	106294050
2	106294059
2	106294072
2	106294079
2	106294097
3	106294134
2	106294164
2	106294240
2	106294263
2	106294283
2	106294303
3	106294373
2	106294374
2	106294376
3	106294394
2	106294404
2	106294420
2	106294438
2	106294449
2	106294458
2	106294460
2	106294461
2	106294465
2	106294466
2	106294479
3	106294486
2	106294489
4	106294491
2	106294492
2	106294513
2	106294515
2	106294521
2	106294523
3	106294531
2	106294536
3	106294541
2	106294543
3	106294549
2	106294573
3	106294576
2	106294577
2	106294585
2	106294589
2	106294625
2	106294633
2	106294634
2	106294641
2	106294668
2	106294670
2	106294686
2	106294694
2	106294697
2	106294699
2	106294701
2	106294704
2	106294708
2	106294719
2	106294720
2	106294730
2	106294734
2	106294739
3	106294740
2	106294752
2	106294755
2	106294756
2	106294760
2	106294769
2	106294775
2	106294776
3	106294781
2	106294782
2	106294787
2	106294790
2	106294801
2	106294805
2	106294816
2	106294829
2	106294836
2	106294837
2	106294843
2	106294852
2	106294854
2	106294859
2	106294862
2	106294864
2	106294865
2	106294886
8	106294894
2	106294896
2	106294900
2	106294907
2	106294913
2	106294914
2	106294916
2	106294917
2	106294935
2	106294942
2	106294948
2	106294951
3	106294952
2	106294953
3	106294954
2	106294956
2	106294985
2	106294993
2	106295003
2	106295012
3	106295016
3	106295021
2	106295033
8	106295044
3	106295045
2	106295046
2	106295076
2	106295085
4	106295090
2	106295092
3	106295096
3	106295102
2	106295108
2	106295114
3	106295115
2	106295117
3	106295122
2	106295129
2	106295143
5	106295146
2	106295152
2	106295153
2	106295155
2	106295161
4	106295169
2	106295172
2	106295189
2	106295194
2	106295199
2	106295206
2	106295213
2	106295216
2	106295219
2	106295234
2	106295240
2	106295257
2	106295258
2	106295261
3	106295275
2	106295282
2	106295284
2	106295285
2	106295292
2	106295302
2	106295304
3	106295309
2	106295312
2	106295321
3	106295324
2	106295341
2	106295343
3	106295349
2	106295352
4	106295356
2	106295371
2	106295376
2	106295394
2	106295399
2	106295408
2	106295416
2	106295421
4	106295422
2	106295429
4	106295435
2	106295443
2	106295446
2	106295449
2	106295453
2	106295458
2	106295462
2	106295467
2	106295469
2	106295475
3	106295477
2	106295481
2	106295488
2	106295524
4	106295551
2	106295583
2	106295587
2	106295590
2	106295594
2	106295602
2	106295603
2	106295604
2	106295605
3	106295608
2	106295613
2	106295614
3	106295621
2	106295624
2	106295625
2	106295627
3	106295638
2	106295648
2	106295652
2	106295657
2	106295659
2	106295660
2	106295694
3	106295711
2	106295712
2	106295734
2	106295740
2	106295747
2	106295748
2	106295767
2	106295768
2	106295771
2	106295775
2	106295782
2	106295788
2	106295791
3	106295801
2	106295808
2	106295816
2	106295818
2	106295822
2	106295826
2	106295832
2	106295843
2	106295851
2	106295887
2	106295890
4	106295898
2	106295899
2	106295900
2	106295904
2	106295930
3	106295949
2	106295952
2	106295963
2	106295965
2	106295976
2	106295979
2	106295988
2	106295991
4	106295993
2	106295998
3	106296007
2	106296011
3	106296019
2	106296022
2	106296026
2	106296033
4	106296043
2	106296049
2	106296053
2	106296055
2	106296058
3	106296062
2	106296073
2	106296079
3	106296082
2	106296086
2	106296098
2	106296103
2	106296127
2	106296128
2	106296131
2	106296135
2	106296136
2	106296139
4	106296141
2	106296175
2	106296176
3	106296195
2	106296208
2	106296232
2	106296236
3	106296237
2	106296240
2	106296241
2	106296243
4	106296246
2	106296252
7	106296257
2	106296260
3	106296261
3	106296280
2	106296285
2	106296303
2	106296307
3	106296328
2	106296329
2	106296330
4	106296332
2	106296333
2	106296335
2	106296356
5	106296358
3	106296363
2	106296366
2	106296369
3	106296378
2	106296397
2	106296407
2	106296408
2	106296414
2	106296417
2	106296421
2	106296427
2	106296438
2	106296472
2	106296475
2	106296490
2	106296497
2	106296502
2	106296534
2	106296552
2	106296557
3	106296558
2	106296573
3	106296582
2	106296587
2	106296590
2	106296593
3	106296611
2	106296621
2	106296629
2	106296649
2	106296650
2	106296652
2	106296653
3	106296656
2	106296658
2	106296659
2	106296664
2	106296674
2	106296675
2	106296676
2	106296686
2	106296687
2	106296695
2	106296697
3	106296698
2	106296710
2	106296719
3	106296726
5	106296730
2	106296738
2	106296755
2	106296758
2	106296764
2	106296767
4	106296768
2	106296784
2	106296786
4	106296800
2	106296802
2	106296832
2	106296836
3	106296847
2	106296849
2	106296854
2	106296858
3	106296860
2	106296862
2	106296871
2	106296872
3	106296876
2	106296881
2	106296884
2	106296892
3	106296901
2	106296914
2	106296916
2	106296921
2	106296926
2	106296927
2	106296934
2	106296948
2	106296951
3	106296954
2	106296958
2	106296963
2	106296969
4	106296977
4	106296978
2	106296986
2	106296992
2	106296998
2	106297009
2	106297031
2	106297032
2	106297040
2	106297042
6	106297046
2	106297052
3	106297064
2	106297095
2	106297097
2	106297101
3	106297107
2	106297119
3	106297137
2	106297145
3	106297177
4	106297180
2	106297182
2	106297185
2	106297186
2	106297231
2	106297287
2	106297295
2	106297467
2	106297647
2	106297678
2	106297815
2	106297840
2	106297859
2	106298059
2	106298156
2	106298197
2	106298205
2	106298208
2	106298210
2	106298219
2	106298224
2	106298239
2	106298242
2	106298244
4	106298250
2	106298256
2	106298271
2	106298275
2	106298294
2	106298307
2	106298321
2	106298324
2	106298341
2	106298345
2	106298352
2	106298362
3	106298372
2	106298374
2	106298375
2	106298378
2	106298397
2	106298399
3	106298408
2	106298417
2	106298424
3	106298427
2	106298429
2	106298435
2	106298437
2	106298442
2	106298452
4	106298456
3	106298459
2	106298461
2	106298464
2	106298466
2	106298493
2	106298494
2	106298496
2	106298503
2	106298514
2	106298529
2	106298535
2	106298548
2	106298563
2	106298565
2	106298569
2	106298573
2	106298591
3	106298603
2	106298608
2	106298610
2	106298615
2	106298638
2	106298650
3	106298652
2	106298653
2	106298669
2	106298688
2	106298697
3	106298700
2	106298708
3	106298728
5	106298729
2	106298777
3	106298797
3	106298814
2	106298827
3	106298831
2	106298850
2	106298854
2	106298910
2	106298916
3	106298927
2	106298939
2	106298942
2	106298957
2	106298970
2	106298982
3	106298983
2	106298999
3	106299011
6	106299016
2	106299020
3	106299035
2	106299039
2	106299044
2	106299054
2	106299062
4	106299063
2	106299071
2	106299072
2	106299076
4	106299084
2	106299088
3	106299090
3	106299117
2	106299136
2	106299139
2	106299144
2	106299148
2	106299172
3	106299191
2	106299204
2	106299220
2	106299259
2	106299325
2	106299327
2	106299352
2	106299404
3	106299410
2	106299416
2	106299482
2	106299500
2	106299536
2	106299543
2	106299546
2	106299556
2	106299593
2	106299610
2	106299645
2	106299660
3	106299672
2	106299699
2	106299769
2	106299773
2	106299788
2	106299800
2	106299804
3	106299825
2	106299829
2	106299830
2	106299847
4	106299854
2	106299855
2	106299856
2	106299857
4	106299865
4	106299874
2	106299882
2	106299888
2	106299911
2	106299912
3	106299924
2	106299934
5	106299940
2	106299958
4	106299961
2	106299962
2	106299982
3	106299989
2	106299992
2	106300000
2	106300006
2	106300012
3	106300021
2	106300023
3	106300034
3	106300036
2	106300044
3	106300053
2	106300056
2	106300058
2	106300067
2	106300069
4	106300080
2	106300082
3	106300086
2	106300088
3	106300093
2	106300096
2	106300099
2	106300102
2	106300105
2	106300126
2	106300131
4	106300139
2	106300141
2	106300148
2	106300156
2	106300162
2	106300200
2	106300211
2	106300213
2	106300214
2	106300218
2	106300231
2	106300251
4	106300256
2	106300260
2	106300262
2	106300263
2	106300272
2	106300278
2	106300279
2	106300298
2	106300302
2	106300305
2	106300309
2	106300313
2	106300337
4	106300339
4	106300347
2	106300350
2	106300357
2	106300358
2	106300363
2	106300384
2	106300385
4	106300394
2	106300396
2	106300401
2	106300410
2	106300411
2	106300417
2	106300421
2	106300436
2	106300437
2	106300441
2	106300455
3	106300464
3	106300493
2	106300495
2	106300504
2	106300506
2	106300508
2	106300522
2	106300526
3	106300529
2	106300531
2	106300533
2	106300536
2	106300550
4	106300554
5	106300558
2	106300568
2	106300573
6	106300577
2	106300593
2	106300604
2	106300617
2	106300628
2	106300629
2	106300630
2	106300633
2	106300634
2	106300636
5	106300644
2	106300647
3	106300672
2	106300678
2	106300683
2	106300690
4	106300713
2	106300720
2	106300722
2	106300736
2	106300737
2	106300755
3	106300758
2	106300769
5	106300783
2	106300799
2	106300800
2	106300825
2	106300832
2	106300837
2	106300839
5	106300840
2	106300842
2	106300844
2	106300845
3	106300847
2	106300857
2	106300860
2	106300884
2	106300900
2	106300901
2	106300907
3	106300916
2	106300922
5	106300940
2	106300942
2	106300945
3	106300946
2	106300951
4	106300956
2	106300957
3	106300958
2	106300962
2	106300973
2	106301002
2	106301006
2	106301017
2	106301026
2	106301028
2	106301037
2	106301056
2	106301059
2	106301065
2	106301071
2	106301077
4	106301088
2	106301100
2	106301105
2	106301109
2	106301111
2	106301114
2	106301116
2	106301134
3	106301150
2	106301163
2	106301166
2	106301183
2	106301185
2	106301186
2	106301197
2	106301201
2	106301214
2	106301225
4	106301228
2	106301231
4	106301238
2	106301255
3	106301262
2	106301273
2	106301276
2	106301294
2	106301311
2	106301321
2	106301326
2	106301331
2	106301335
2	106301336
2	106301343
2	106301344
2	106301352
2	106301353
3	106301355
2	106301360
2	106301367
2	106301398
2	106301414
2	106301415
2	106301423
3	106301432
2	106301453
2	106301470
2	106301473
2	106301490
2	106301496
2	106301499
2	106301502
2	106301505
2	106301515
2	106301531
2	106301534
2	106301535
2	106301540
3	106301547
3	106301574
2	106301584
2	106301585
2	106301614
2	106301621
3	106301635
2	106301689
2	106301694
2	106301702
2	106301706
2	106301714
3	106301720
3	106301722
2	106301744
2	106301745
2	106301746
2	106301747
2	106301769
2	106301776
2	106301778
2	106301782
2	106301794
3	106301796
2	106301802
2	106301806
4	106301813
2	106301815
2	106301821
2	106301824
3	106301827
2	106301839
2	106301840
2	106301842
2	106301861
2	106301866
3	106301912
2	106301921
2	106301923
2	106301929
2	106301932
2	106301940
2	106301941
2	106301949
2	106301950
4	106301956
3	106301966
2	106301969
2	106301972
2	106301983
4	106301993
2	106302008
5	106302009
2	106302017
2	106302018
3	106302022
2	106302027
3	106302028
2	106302052
2	106302067
2	106302077
2	106302081
2	106302082
2	106302092
4	106302098
2	106302125
2	106302128
2	106302140
2	106302158
2	106302163
3	106302169
2	106302179
4	106302182
2	106302193
2	106302202
2	106302211
2	106302213
4	106302232
3	106302234
2	106302255
2	106302256
2	106302269
2	106302272
2	106302281
3	106302392
2	106302422
2	106302448
2	106302480
2	106302519
3	106302587
2	106302617
2	106302625
2	106302787
2	106303193
2	106303505
3	106303506
3	106303509
2	106303510
4	106303515
3	106303518
2	106303533
2	106303543
2	106303556
4	106303567
2	106303569
2	106303573
4	106303575
2	106303586
3	106303589
2	106303590
2	106303591
2	106303595
2	106303599
2	106303612
2	106303621
3	106303629
4	106303633
2	106303635
2	106303644
2	106303647
2	106303656
2	106303662
2	106303670
2	106303689
2	106303705
2	106303714
2	106303716
2	106303728
3	106303740
2	106303755
2	106303757
2	106303779
2	106303780
2	106303785
2	106303794
2	106303808
2	106303809
2	106303815
3	106303816
2	106303819
2	106303822
3	106303824
2	106303827
2	106303828
4	106303838
2	106303845
2	106303847
3	106303857
2	106303860
4	106303873
2	106303880
2	106303899
2	106303900
3	106303908
2	106303909
2	106303915
5	106303916
2	106303931
2	106303942
2	106303951
3	106303960
2	106303964
2	106303970
3	106303972
3	106303977
4	106303995
2	106304000
3	106304006
2	106304007
2	106304013
2	106304015
2	106304017
2	106304018
2	106304021
2	106304023
2	106304027
2	106304032
2	106304035
3	106304038
2	106304040
2	106304047
2	106304059
2	106304061
2	106304066
2	106304075
2	106304102
3	106304123
2	106304125
2	106304134
3	106304153
2	106304157
2	106304172
2	106304181
2	106304198
5	106304199
2	106304209
2	106304211
2	106304232
3	106304233
2	106304252
2	106304260
3	106304281
2	106304283
2	106304318
2	106304336
2	106304346
2	106304357
2	106304362
2	106304373
2	106304375
3	106304392
2	106304405
3	106304423
2	106304425
2	106304426
2	106304472
3	106304487
2	106304499
2	106304500
2	106304501
2	106304524
2	106304559
2	106304572
4	106304573
2	106304574
2	106304576
2	106304613
2	106304618
2	106304632
2	106304635
2	106304652
2	106304669
2	106304674
2	106304676
2	106304692
2	106304720
2	106304730
5	106304755
2	106304757
2	106304781
4	106304791
2	106304792
2	106304810
2	106304847
2	106304856
3	106304859
2	106304864
2	106304871
2	106304888
3	106304902
2	106304943
2	106304954
4	106304970
2	106304987
3	106304988
2	106304995
2	106305003
2	106305016
2	106305019
2	106305026
2	106305035
2	106305047
2	106305055
2	106305074
2	106305086
3	106305106
2	106305151
2	106305153
2	106305166
3	106305181
2	106305188
3	106305189
2	106305204
3	106305210
2	106305214
2	106305237
2	106305246
2	106305253
3	106305260
3	106305262
2	106305273
3	106305276
2	106305277
2	106305278
2	106305312
3	106305317
3	106305318
2	106305327
3	106305328
3	106305329
2	106305340
2	106305342
2	106305351
2	106305361
2	106305397
2	106305400
2	106305414
2	106305424
2	106305439
3	106305459
2	106305460
3	106305462
2	106305499
2	106305520
4	106305542
2	106305544
2	106305546
2	106305559
3	106305560
2	106305600
2	106305602
2	106305604
3	106305605
4	106305632
2	106305642
2	106305643
3	106305659
2	106305666
4	106305668
3	106305684
2	106305702
2	106305704
3	106305707
2	106305709
4	106305724
2	106305725
4	106305739
2	106305740
2	106305742
3	106305749
2	106305752
2	106305754
2	106305757
2	106305763
4	106305775
2	106305778
2	106305781
2	106305787
2	106305788
2	106305800
2	106305805
2	106305811
2	106305813
2	106305814
2	106305820
2	106305830
2	106305831
2	106305832
2	106305855
2	106305858
2	106305860
2	106305868
2	106305870
2	106305872
3	106305885
2	106305889
2	106305892
2	106305895
2	106305900
2	106305901
2	106305903
2	106305906
2	106305919
2	106305935
3	106305938
2	106305945
2	106305949
2	106305955
2	106305958
2	106305963
2	106305968
2	106305971
2	106305985
2	106305988
2	106305992
2	106306004
2	106306007
2	106306013
2	106306022
2	106306036
2	106306044
3	106306054
2	106306056
3	106306069
2	106306078
2	106306085
2	106306096
2	106306101
2	106306102
2	106306110
2	106306117
4	106306136
5	106306138
2	106306140
2	106306141
2	106306142
2	106306150
3	106306159
3	106306163
2	106306164
2	106306167
2	106306168
2	106306173
2	106306175
2	106306180
5	106306183
4	106306184
2	106306190
3	106306195
2	106306201
2	106306203
2	106306205
4	106306212
2	106306213
2	106306214
2	106306219
2	106306220
2	106306221
2	106306223
2	106306228
2	106306234
2	106306242
2	106306249
3	106306254
3	106306262
2	106306266
2	106306279
2	106306284
2	106306289
2	106306292
2	106306293
2	106306294
2	106306301
3	106306308
2	106306324
2	106306331
2	106306333
2	106306338
2	106306347
4	106306352
2	106306354
2	106306357
3	106306359
2	106306367
2	106306378
2	106306380
2	106306385
3	106306393
2	106306404
2	106306410
3	106306413
2	106306423
2	106306432
3	106306442
4	106306446
2	106306456
2	106306459
2	106306464
2	106306467
6	106306468
3	106306477
3	106306499
2	106306506
2	106306508
3	106306529
3	106306541
2	106306544
2	106306546
2	106306555
2	106306567
2	106306576
2	106306578
2	106306580
3	106306584
2	106306587
2	106306588
2	106306589
2	106306594
2	106306600
5	106306609
2	106306618
2	106306634
6	106306651
4	106306654
3	106306656
2	106306658
2	106306659
2	106306668
2	106306671
2	106306676
2	106306681
2	106306686
3	106306691
2	106306703
3	106306715
2	106306718
2	106306737
4	106306743
2	106306749
2	106306751
2	106306756
2	106306758
2	106306760
2	106306762
3	106306765
2	106306780
2	106306784
2	106306785
4	106306786
2	106306791
2	106306806
2	106306813
2	106306821
2	106306822
2	106306823
2	106306830
2	106306831
2	106306832
2	106306833
2	106306837
2	106306839
2	106306851
2	106306858
3	106306865
2	106306874
2	106306879
2	106306880
2	106306888
4	106306890
2	106306894
3	106306898
2	106306900
2	106306910
2	106306923
3	106306926
2	106306933
2	106306935
3	106306936
2	106306938
3	106306942
2	106306948
2	106306964
2	106306970
2	106306983
2	106306984
2	106306985
3	106306988
2	106307007
2	106307009
2	106307015
2	106307020
5	106307025
2	106307027
2	106307028
2	106307043
2	106307048
3	106307049
2	106307054
2	106307055
2	106307060
2	106307066
2	106307071
3	106307074
2	106307101
2	106307102
2	106307118
2	106307136
2	106307145
2	106307155
2	106307172
2	106307194
2	106307201
2	106307205
4	106307209
2	106307216
4	106307220
2	106307221
2	106307222
2	106307230
2	106307240
2	106307243
2	106307254
2	106307262
2	106307265
4	106307271
2	106307277
2	106307284
2	106307286
3	106307291
2	106307313
2	106307318
4	106307327
2	106307328
2	106307334
2	106307339
2	106307340
2	106307342
5	106307348
2	106307361
2	106307383
4	106307399
4	106307401
2	106307402
5	106307404
4	106307406
2	106307430
3	106307435
2	106307444
2	106307447
2	106307448
2	106307456
2	106307476
2	106307483
2	106307484
2	106307497
2	106307500
2	106307512
2	106307518
2	106307529
2	106307536
5	106307538
2	106307540
2	106307557
2	106307577
2	106307578
2	106307588
2	106307589
2	106307592
2	106307612
5	106307620
3	106307629
2	106307630
7	106307640
3	106307642
2	106307670
3	106307674
2	106307684
2	106307694
2	106307699
2	106307706
2	106307710
2	106307713
2	106307715
2	106307716
2	106307720
2	106307724
2	106307735
2	106307736
2	106307737
7	106307743
3	106307762
2	106307764
2	106307774
2	106307777
2	106307784
2	106307786
2	106307794
2	106307797
4	106307798
2	106307805
2	106307825
2	106307831
3	106307832
2	106307835
2	106307840
2	106307842
2	106307850
2	106307852
2	106307854
2	106307856
2	106307861
3	106307879
2	106307880
2	106307889
5	106307890
2	106307891
2	106307893
2	106307898
2	106307909
2	106307917
2	106307940
2	106307942
2	106307944
2	106307952
2	106307960
2	106307970
2	106307973
2	106307983
2	106308001
2	106308008
2	106308013
2	106308018
2	106308022
2	106308029
2	106308041
2	106308045
2	106308048
4	106308051
2	106308057
2	106308060
2	106308100
3	106308101
2	106308103
2	106308115
2	106308139
2	106308146
2	106308148
2	106308149
2	106308154
2	106308160
3	106308168
2	106308184
2	106308198
3	106308199
2	106308204
4	106308225
2	106308229
2	106308232
2	106308250
2	106308253
2	106308256
3	106308260
2	106308266
2	106308271
2	106308279
2	106308280
2	106308281
2	106308295
2	106308309
2	106308318
6	106308324
3	106308326
4	106308330
2	106308347
2	106308383
2	106308417
2	106308418
2	106308420
3	106308434
2	106308443
2	106308444
3	106308447
3	106308449
2	106308468
2	106308497
2	106308708
3	106308752
2	106308762
2	106308818
2	106308824
3	106308965
2	106309010
3	106309095
2	106309106
2	106309123
2	106309175
2	106309302
2	106309322
3	106309330
2	106309354
2	106309371
2	106309376
2	106309400
2	106309443
2	106309445
2	106309446
2	106309448
2	106309456
3	106309470
2	106309478
2	106309481
2	106309484
2	106309493
2	106309499
2	106309502
2	106309505
2	106309508
3	106309514
2	106309532
2	106309535
2	106309543
2	106309563
2	106309571
2	106309600
2	106309608
2	106309613
2	106309615
2	106309632
2	106309636
2	106309639
2	106309657
2	106309669
2	106309671
2	106309683
4	106309687
2	106309692
2	106309694
2	106309701
2	106309703
2	106309707
2	106309711
3	106309714
2	106309720
2	106309723
2	106309732
2	106309743
2	106309745
2	106309749
4	106309750
2	106309758
6	106309767
2	106309778
3	106309786
2	106309793
2	106309798
2	106309801
2	106309820
2	106309825
6	106309833
2	106309834
2	106309848
2	106309852
2	106309862
3	106309871
2	106309876
2	106309882
2	106309887
2	106309895
2	106309903
6	106309910
2	106309915
2	106309923
2	106309925
2	106309926
2	106309928
2	106309936
2	106309940
2	106309949
4	106309950
2	106309953
2	106309956
2	106309959
2	106309961
2	106309969
2	106309971
2	106309972
2	106309976
3	106309977
6	106309979
2	106309991
2	106309997
2	106310002
2	106310006
2	106310014
2	106310025
2	106310052
2	106310054
2	106310059
2	106310063
2	106310066
2	106310075
2	106310076
2	106310077
3	106310082
2	106310083
2	106310096
2	106310099
3	106310110
4	106310116
2	106310117
2	106310122
2	106310141
2	106310158
2	106310171
2	106310175
2	106310177
2	106310181
2	106310195
2	106310198
2	106310199
2	106310201
2	106310210
2	106310211
2	106310213
2	106310218
3	106310223
2	106310228
3	106310232
3	106310242
2	106310248
2	106310261
2	106310275
2	106310295
2	106310304
3	106310309
2	106310314
2	106310323
2	106310328
2	106310357
2	106310358
2	106310361
2	106310362
2	106310366
2	106310368
2	106310373
3	106310374
4	106310407
2	106310417
2	106310423
2	106310436
2	106310452
2	106310458
2	106310462
2	106310494
2	106310508
3	106310515
2	106310545
2	106310557
2	106310564
2	106310567
2	106310570
2	106310577
2	106310583
3	106310608
2	106310617
2	106310646
2	106310650
2	106310651
2	106310656
2	106310668
2	106310681
2	106310683
2	106310726
2	106310735
2	106310746
2	106310780
2	106310782
2	106310797
2	106310802
2	106310817
2	106310827
2	106310848
3	106310849
2	106310850
4	106310859
2	106310863
3	106310866
3	106310873
2	106310874
2	106310897
2	106310911
3	106310917
3	106310930
3	106310936
3	106310937
3	106310955
2	106310976
2	106310978
2	106310980
2	106310988
2	106310991
2	106311015
2	106311016
3	106311034
3	106311069
2	106311075
5	106311076
2	106311084
2	106311087
2	106311088
2	106311129
2	106311135
2	106311149
2	106311159
2	106311160
2	106311166
2	106311169
2	106311180
2	106311217
2	106311218
2	106311226
2	106311244
3	106311247
2	106311299
2	106311312
2	106311314
2	106311321
2	106311358
2	106311364
2	106311381
2	106311397
3	106311409
2	106311410
2	106311411
2	106311432
2	106311439
3	106311447
4	106311454
2	106311457
2	106311474
2	106311489
3	106311490
2	106311502
2	106311513
2	106311515
3	106311524
2	106311535
2	106311536
2	106311557
2	106311562
2	106311568
2	106311569
5	106311570
2	106311571
2	106311575
2	106311576
5	106311577
2	106311579
2	106311583
2	106311585
2	106311598
2	106311612
2	106311613
2	106311622
2	106311627
2	106311628
2	106311637
2	106311638
2	106311643
2	106311645
2	106311648
7	106311658
2	106311669
2	106311672
2	106311673
2	106311686
2	106311700
2	106311705
2	106311713
2	106311718
2	106311719
4	106311720
2	106311731
2	106311736
2	106311766
2	106311767
2	106311771
2	106311772
2	106311778
2	106311787
3	106311789
3	106311794
2	106311799
2	106311804
2	106311805
3	106311818
2	106311820
2	106311824
2	106311825
2	106311828
2	106311829
2	106311832
2	106311836
2	106311845
2	106311848
2	106311851
2	106311857
2	106311861
2	106311869
2	106311889
2	106311908
2	106311912
2	106311914
2	106311922
2	106311927
2	106311928
2	106311935
2	106311936
4	106311943
2	106311955
3	106311958
2	106311973
2	106311985
2	106311988
3	106311994
2	106312010
3	106312029
2	106312040
2	106312044
2	106312049
2	106312051
2	106312055
2	106312065
2	106312070
2	106312072
2	106312077
3	106312091
2	106312106
2	106312114
2	106312115
3	106312117
2	106312119
2	106312122
4	106312127
4	106312145
2	106312162
2	106312163
3	106312165
2	106312168
2	106312179
2	106312184
2	106312187
2	106312188
2	106312191
2	106312194
3	106312200
3	106312207
2	106312208
5	106312210
2	106312211
2	106312223
2	106312225
2	106312230
2	106312233
3	106312249
2	106312251
2	106312257
2	106312268
2	106312273
2	106312275
2	106312288
2	106312307
2	106312311
2	106312320
2	106312325
2	106312326
2	106312327
3	106312329
3	106312332
4	106312346
2	106312351
3	106312354
2	106312355
2	106312357
2	106312358
2	106312360
2	106312366
2	106312371
2	106312380
2	106312381
3	106312391
2	106312392
3	106312403
2	106312406
3	106312420
2	106312423
3	106312426
2	106312432
2	106312439
2	106312443
2	106312446
3	106312448
4	106312450
3	106312452
3	106312458
2	106312463
2	106312465
2	106312478
2	106312489
2	106312492
3	106312500
2	106312511
2	106312519
2	106312521
2	106312534
2	106312553
2	106312554
3	106312557
4	106312566
2	106312570
3	106312583
2	106312585
2	106312588
2	106312599
2	106312607
2	106312609
3	106312613
3	106312626
2	106312632
2	106312644
2	106312645
2	106312647
3	106312649
2	106312659
2	106312673
2	106312676
2	106312683
3	106312684
2	106312689
2	106312700
2	106312714
2	106312727
2	106312728
4	106312731
3	106312740
2	106312743
6	106312745
2	106312753
2	106312757
2	106312761
5	106312771
2	106312774
2	106312781
2	106312786
3	106312793
4	106312795
2	106312805
2	106312809
2	106312814
3	106312820
2	106312823
2	106312827
2	106312829
2	106312834
2	106312843
2	106312858
2	106312859
2	106312862
2	106312871
2	106312878
2	106312885
2	106312891
2	106312895
2	106312896
2	106312901
2	106312904
2	106312906
3	106312920
4	106312925
2	106312928
3	106312939
2	106312946
2	106312947
2	106312949
2	106312952
2	106312955
2	106312960
2	106312963
2	106312978
3	106312979
2	106312999
2	106313015
3	106313023
2	106313025
4	106313026
2	106313027
2	106313035
2	106313046
2	106313048
4	106313050
2	106313060
2	106313067
2	106313075
2	106313076
4	106313080
2	106313082
4	106313088
2	106313098
2	106313117
2	106313139
2	106313141
2	106313142
2	106313150
2	106313164
2	106313171
2	106313173
3	106313176
2	106313186
2	106313188
2	106313192
3	106313195
2	106313196
4	106313202
2	106313204
2	106313223
2	106313229
3	106313230
2	106313231
2	106313233
2	106313243
2	106313249
2	106313265
2	106313277
2	106313284
2	106313286
3	106313288
2	106313291
2	106313297
2	106313304
2	106313307
2	106313319
4	106313323
2	106313327
2	106313341
3	106313347
2	106313349
2	106313361
2	106313362
2	106313363
3	106313387
2	106313388
2	106313393
3	106313400
2	106313424
3	106313427
2	106313441
3	106313446
2	106313484
2	106313485
2	106313501
3	106313506
2	106313511
4	106313514
3	106313517
2	106313520
2	106313521
2	106313529
3	106313534
2	106313535
3	106313546
3	106313552
4	106313553
3	106313561
2	106313568
2	106313579
2	106313581
2	106313584
2	106313588
2	106313589
2	106313595
2	106313599
2	106313600
2	106313601
2	106313604
2	106313605
2	106313606
2	106313608
2	106313613
2	106313614
2	106313615
3	106313617
2	106313643
3	106313660
4	106313663
2	106313665
5	106313671
3	106313694
2	106313699
2	106313720
2	106313742
2	106313744
3	106313746
2	106313747
2	106313751
2	106313754
2	106313761
2	106313764
2	106313786
2	106313802
2	106313820
2	106313821
2	106313830
2	106313844
2	106313851
2	106313855
2	106313876
2	106313888
2	106313892
2	106313894
2	106313902
2	106313907
3	106313912
2	106313914
2	106313921
2	106313929
2	106313932
2	106313935
2	106313957
3	106313958
2	106313969
4	106313974
3	106313983
2	106314006
3	106314018
3	106314019
2	106314032
2	106314062
4	106314120
3	106314168
2	106314234
2	106314267
3	106314269
2	106314414
4	106314441
2	106314468
4	106314568
2	106314681
2	106314701
4	106314929
2	106314957
2	106314958
4	106314991
3	106315093
2	106315144
2	106315147
3	106315212
2	106315273
2	106315350
2	106315391
2	106315396
3	106315407
2	106315408
3	106315412
2	106315434
2	106315442
2	106315444
3	106315453
2	106315455
3	106315459
2	106315460
2	106315465
3	106315466
2	106315472
2	106315490
2	106315499
2	106315504
2	106315506
3	106315520
2	106315528
2	106315534
3	106315540
2	106315541
2	106315546
2	106315547
2	106315565
2	106315575
2	106315585
2	106315595
2	106315607
12	106315613
3	106315615
2	106315616
3	106315640
2	106315642
3	106315649
4	106315664
2	106315669
2	106315697
2	106315701
2	106315717
2	106315726
2	106315741
2	106315742
3	106315755
2	106315756
3	106315782
3	106315784
2	106315790
2	106315801
2	106315804
2	106315806
2	106315810
2	106315823
4	106315825
2	106315829
2	106315836
2	106315848
2	106315857
3	106315865
2	106315870
3	106315876
2	106315893
2	106315901
2	106315910
2	106315917
2	106315921
2	106315933
4	106315947
9	106315955
2	106315963
2	106315977
2	106315995
2	106316007
2	106316015
3	106316018
2	106316026
2	106316046
2	106316070
4	106316075
2	106316086
2	106316097
2	106316103
2	106316106
2	106316116
3	106316122
2	106316124
2	106316129
2	106316135
2	106316138
2	106316164
2	106316186
2	106316190
2	106316210
3	106316227
2	106316228
2	106316240
3	106316241
3	106316256
2	106316257
2	106316275
2	106316287
2	106316290
2	106316311
2	106316335
2	106316337
3	106316368
7	106316380
2	106316381
2	106316388
2	106316396
4	106316401
2	106316408
3	106316419
3	106316420
4	106316424
2	106316449
7	106316470
2	106316481
3	106316484
3	106316498
2	106316500
2	106316505
3	106316506
2	106316510
2	106316522
4	106316523
2	106316524
2	106316531
2	106316553
2	106316618
3	106316654
4	106316661
2	106316677
4	106316682
3	106316706
2	106316742
4	106316757
2	106316772
2	106316783
3	106316790
2	106316824
3	106316835
4	106316849
2	106316853
2	106316870
2	106316878
2	106316898
2	106316924
2	106316931
4	106316932
2	106316941
2	106316944
2	106316949
2	106316951
3	106316968
3	106316982
2	106316987
2	106317007
2	106317023
2	106317032
2	106317035
2	106317036
2	106317062
2	106317066
3	106317074
2	106317081
2	106317097
2	106317102
5	106317108
2	106317115
2	106317119
3	106317139
2	106317174
2	106317196
2	106317199
2	106317213
2	106317218
2	106317225
2	106317242
2	106317267
2	106317280
2	106317290
2	106317343
2	106317357
2	106317364
2	106317377
2	106317416
2	106317417
2	106317418
2	106317434
2	106317482
2	106317485
2	106317491
3	106317511
2	106317522
2	106317524
4	106317540
2	106317573
2	106317586
2	106317590
3	106317616
3	106317618
3	106317623
2	106317632
2	106317659
2	106317679
2	106317714
3	106317727
2	106317729
2	106317759
4	106317760
2	106317775
2	106317798
3	106317816
3	106317832
2	106317836
2	106317847
3	106317860
2	106317868
2	106317869
2	106317870
2	106317871
2	106317873
2	106317874
2	106317878
2	106317881
2	106317887
2	106317898
2	106317921
2	106317925
2	106317929
2	106317941
3	106317946
2	106317952
4	106317953
2	106317954
2	106317968
2	106317986
2	106318008
2	106318011
2	106318022
2	106318023
2	106318024
3	106318040
2	106318042
2	106318045
2	106318051
2	106318057
3	106318060
2	106318066
3	106318075
2	106318086
2	106318101
2	106318103
3	106318117
2	106318119
7	106318121
2	106318122
2	106318127
2	106318129
2	106318133
3	106318140
3	106318141
2	106318156
2	106318182
3	106318185
2	106318191
2	106318202
2	106318204
3	106318208
4	106318213
2	106318214
3	106318222
5	106318234
2	106318238
2	106318263
2	106318269
3	106318278
2	106318289
3	106318291
4	106318293
3	106318300
2	106318301
2	106318302
2	106318309
2	106318315
2	106318318
2	106318320
2	106318326
4	106318335
2	106318340
2	106318344
2	106318346
2	106318347
2	106318360
2	106318362
2	106318365
2	106318366
2	106318368
2	106318371
3	106318375
4	106318382
2	106318386
2	106318390
6	106318397
2	106318399
2	106318404
2	106318408
2	106318409
2	106318412
2	106318422
2	106318426
3	106318428
4	106318449
3	106318451
3	106318452
3	106318455
2	106318459
4	106318471
2	106318479
2	106318483
2	106318501
3	106318503
2	106318513
2	106318519
3	106318529
2	106318536
2	106318556
2	106318561
2	106318562
3	106318569
2	106318570
2	106318574
2	106318577
3	106318578
2	106318580
2	106318582
5	106318598
2	106318602
2	106318613
2	106318615
2	106318617
2	106318625
2	106318630
2	106318632
2	106318640
7	106318645
2	106318646
3	106318651
2	106318664
2	106318665
3	106318680
2	106318686
2	106318689
2	106318692
4	106318707
2	106318708
3	106318712
5	106318715
2	106318723
2	106318741
2	106318747
3	106318753
2	106318762
2	106318768
2	106318815
2	106318819
2	106318830
2	106318840
2	106318862
2	106318877
2	106318879
4	106318881
2	106318888
2	106318890
3	106318905
2	106318913
2	106318914
2	106318915
2	106318919
2	106318923
3	106318937
2	106318939
2	106318945
2	106318967
3	106318973
2	106318987
2	106318988
2	106318991
2	106318998
5	106319003
2	106319014
5	106319019
2	106319020
2	106319024
2	106319032
2	106319038
2	106319045
3	106319047
5	106319061
2	106319064
2	106319066
2	106319082
2	106319091
2	106319092
2	106319096
4	106319097
2	106319107
5	106319112
2	106319132
2	106319133
2	106319137
2	106319148
3	106319149
2	106319150
2	106319157
3	106319160
2	106319161
2	106319173
4	106319174
3	106319179
2	106319190
2	106319198
2	106319202
3	106319209
2	106319215
2	106319218
2	106319235
2	106319238
2	106319258
3	106319279
3	106319285
3	106319324
2	106319327
2	106319333
2	106319335
2	106319338
2	106319345
2	106319350
2	106319351
2	106319353
6	106319368
3	106319371
2	106319374
2	106319390
3	106319399
2	106319402
2	106319424
5	106319431
2	106319443
2	106319457
2	106319462
2	106319468
4	106319471
2	106319485
2	106319497
2	106319502
2	106319510
2	106319522
2	106319525
3	106319530
5	106319535
2	106319537
3	106319539
2	106319540
2	106319548
3	106319556
2	106319578
3	106319585
2	106319588
3	106319590
2	106319597
2	106319601
2	106319617
2	106319627
2	106319629
3	106319635
2	106319644
2	106319647
2	106319665
2	106319670
2	106319683
2	106319684
2	106319700
2	106319715
2	106319718
2	106319728
2	106319735
2	106319744
4	106319760
2	106319763
2	106319771
2	106319792
2	106319807
2	106319819
4	106319837
4	106319856
2	106319871
2	106319880
2	106319899
2	106319922
2	106319991
2	106320006
2	106320013
2	106320015
2	106320016
4	106320025
3	106320079
2	106320087
2	106320089
2	106320091
2	106320093
2	106320107
2	106320112
2	106320120
2	106320141
2	106320143
2	106320148
2	106320161
2	106320184
2	106320191
2	106320194
2	106320212
3	106320215
3	106320227
2	106320257
2	106320267
2	106320269
2	106320285
2	106320340
2	106320342
2	106320343
2	106320367
2	106320374
2	106320388
2	106320399
3	106320401
2	106320407
2	106320409
2	106320413
3	106320414
2	106320424
2	106320425
2	106320442
2	106320456
2	106320458
2	106320466
2	106320467
2	106320472
2	106320486
2	106320491
2	106320499
2	106320502
2	106320513
10	106320521
2	106320533
2	106320535
2	106320541
3	106320548
2	106320573
3	106320576
3	106320584
2	106320629
2	106320640
2	106320674
3	106320676
2	106320687
2	106320688
2	106320706
3	106320707
2	106320709
2	106320716
2	106320734
2	106320737
2	106320757
2	106320772
2	106320774
2	106320779
2	106320795
2	106320812
2	106320817
2	106320829
2	106320846
4	106320866
2	106320870
2	106320897
2	106320906
2	106320913
4	106320922
2	106320944
2	106321059
2	106321081
2	106321085
2	106321113
2	106321119
3	106321120
2	106321125
2	106321162
2	106321164
2	106321165
2	106321182
2	106321183
2	106321195
2	106321207
2	106321262
2	106321265
3	106321293
2	106321310
2	106321318
2	106321355
4	106321383
4	106321452
2	106321465
2	106321495
2	106321506
2	106321507
2	106321512
2	106321535
2	106321545
3	106321546
2	106321572
2	106321579
2	106321643
2	106321647
5	106321668
2	106321678
2	106321690
3	106321701
2	106321729
2	106321771
2	106321782
3	106321789
2	106321810
2	106321848
2	106321912
3	106321955
2	106321976
2	106322008
2	106322016
2	106322087
2	106322102
3	106322162
2	106322177
2	106322186
2	106322207
2	106322363
2	106322432
2	106322436
4	106322438
3	106322441
2	106322442
2	106322452
4	106322456
4	106322459
2	106322460
3	106322463
4	106322476
2	106322483
2	106322484
3	106322485
2	106322492
2	106322500
4	106322508
3	106322513
4	106322514
6	106322515
2	106322516
2	106322531
2	106322537
2	106322543
2	106322555
2	106322563
2	106322571
2	106322585
2	106322587
2	106322591
2	106322596
3	106322604
3	106322606
2	106322613
3	106322619
3	106322622
2	106322623
2	106322625
2	106322630
2	106322638
2	106322641
2	106322644
4	106322648
2	106322653
2	106322663
2	106322664
2	106322669
2	106322677
2	106322686
3	106322694
2	106322695
2	106322700
3	106322705
3	106322708
6	106322710
2	106322726
2	106322741
4	106322742
2	106322746
2	106322758
2	106322770
2	106322773
2	106322786
2	106322800
3	106322806
2	106322811
2	106322815
2	106322816
2	106322822
2	106322831
2	106322835
2	106322846
2	106322872
2	106322880
7	106322892
2	106322897
2	106322911
2	106322915
2	106322918
3	106322960
2	106322966
2	106322967
3	106322990
2	106322995
3	106322997
2	106322998
2	106323005
2	106323006
2	106323012
2	106323028
2	106323031
2	106323036
2	106323045
2	106323050
2	106323061
2	106323081
3	106323084
2	106323087
2	106323089
4	106323172
2	106323195
2	106323229
2	106323230
2	106323233
2	106323249
3	106323251
2	106323373
2	106323377
2	106323385
2	106323407
2	106323466
2	106323492
2	106323503
2	106323640
3	106323658
4	106323675
2	106323732
2	106323744
2	106323778
2	106323820
2	106323893
2	106323913
2	106324063
6	106324100
2	106324163
2	106324178
2	106324329
2	106324358
2	106324437
2	106324490
2	106324533
2	106324556
3	106324608
2	106324612
2	106324615
3	106324617
2	106324625
2	106324627
4	106324634
2	106324643
2	106324644
2	106324664
4	106324686
2	106324701
2	106324703
3	106324710
2	106324725
3	106324748
3	106324761
2	106324772
2	106324773
2	106324777
2	106324796
2	106324801
2	106324818
2	106324826
2	106324829
2	106324831
2	106324833
2	106324835
2	106324841
2	106324852
2	106324855
3	106324858
3	106324867
3	106324873
2	106324882
2	106324887
3	106324891
2	106324896
2	106324897
2	106324906
2	106324923
2	106324964
2	106324969
2	106324970
2	106324984
3	106324988
4	106324996
4	106325000
2	106325002
2	106325004
2	106325010
2	106325014
2	106325016
2	106325028
2	106325033
2	106325035
3	106325055
2	106325069
2	106325080
2	106325086
2	106325091
2	106325095
2	106325147
4	106325156
2	106325161
2	106325164
2	106325176
2	106325182
4	106325183
3	106325192
2	106325193
2	106325201
2	106325205
3	106325208
2	106325214
2	106325230
2	106325235
2	106325236
2	106325247
2	106325255
5	106325266
2	106325271
2	106325280
2	106325286
2	106325290
2	106325298
2	106325309
3	106325326
2	106325329
2	106325331
2	106325340
2	106325348
6	106325352
9	106325356
2	106325363
2	106325367
2	106325380
2	106325385
2	106325431
2	106325433
2	106325437
2	106325447
2	106325451
2	106325457
2	106325460
2	106325468
4	106325469
2	106325471
3	106325487
4	106325510
2	106325536
2	106325539
3	106325541
2	106325542
2	106325556
3	106325574
2	106325577
2	106325588
2	106325589
2	106325590
2	106325591
2	106325630
2	106325640
2	106325641
2	106325645
2	106325654
2	106325725
2	106325739
2	106325742
2	106325754
2	106325773
2	106325785
2	106325792
2	106325799
2	106325801
2	106325810
4	106325824
2	106325841
2	106325843
2	106325854
4	106325855
3	106325856
3	106325877
2	106325882
2	106325893
2	106325899
3	106325903
2	106325910
2	106325925
2	106325928
2	106325929
2	106325932
2	106325942
3	106325964
2	106325977
2	106325990
2	106326013
2	106326033
2	106326075
2	106326079
2	106326095
2	106326126
2	106326143
2	106326150
2	106326154
2	106326155
4	106326167
3	106326187
2	106326189
2	106326201
2	106326213
2	106326214
2	106326217
2	106326230
2	106326247
2	106326248
2	106326264
2	106326273
2	106326300
2	106326303
2	106326369
2	106326384
2	106326400
2	106326414
2	106326442
2	106326451
2	106326459
2	106326481
2	106326482
2	106326494
3	106326496
3	106326513
2	106326556
2	106326581
2	106326596
2	106326646
2	106326656
2	106326670
2	106326701
2	106326711
2	106326715
2	106326724
2	106326729
3	106326730
2	106326733
2	106326735
2	106326794
2	106326795
3	106326810
3	106326811
5	106326816
5	106326817
3	106326818
2	106326822
2	106326841
4	106326844
2	106326857
3	106326875
2	106326882
2	106326884
2	106326885
2	106326887
4	106326906
2	106326919
2	106326921
2	106326936
2	106326941
3	106326946
2	106326948
2	106326951
2	106326952
2	106326969
3	106326984
2	106326985
2	106326987
2	106326995
2	106326999
2	106327001
2	106327007
2	106327009
2	106327010
2	106327011
2	106327020
2	106327037
3	106327038
2	106327046
3	106327050
2	106327057
2	106327060
3	106327074
2	106327075
2	106327078
2	106327084
3	106327088
8	106327095
4	106327111
3	106327113
6	106327124
2	106327135
2	106327137
2	106327155
3	106327157
2	106327163
2	106327175
2	106327179
2	106327184
2	106327187
3	106327194
3	106327199
2	106327202
2	106327209
2	106327216
2	106327238
2	106327242
2	106327244
2	106327249
2	106327251
3	106327254
6	106327265
3	106327267
2	106327273
2	106327276
2	106327279
2	106327283
2	106327291
2	106327302
4	106327309
2	106327311
2	106327312
2	106327315
2	106327348
2	106327349
2	106327350
2	106327355
3	106327356
2	106327358
2	106327359
2	106327369
3	106327371
2	106327375
2	106327376
3	106327379
2	106327413
2	106327414
2	106327428
2	106327429
2	106327435
2	106327473
2	106327477
2	106327485
2	106327487
2	106327508
2	106327515
2	106327526
2	106327527
2	106327533
3	106327556
3	106327562
2	106327567
2	106327575
2	106327578
2	106327580
2	106327588
2	106327589
4	106327596
2	106327606
2	106327613
2	106327617
2	106327622
4	106327624
2	106327627
3	106327630
2	106327641
2	106327643
4	106327646
3	106327670
2	106327671
2	106327675
2	106327681
2	106327682
2	106327684
2	106327690
2	106327692
2	106327707
2	106327731
3	106327739
2	106327740
2	106327742
2	106327748
2	106327750
3	106327752
2	106327756
2	106327760
2	106327762
3	106327785
2	106327794
6	106327800
2	106327801
2	106327810
2	106327811
5	106327813
2	106327818
2	106327819
2	106327822
2	106327828
2	106327835
2	106327840
2	106327850
3	106327851
2	106327859
2	106327860
2	106327862
2	106327866
3	106327871
2	106327878
4	106327885
2	106327888
2	106327897
3	106327900
5	106327914
2	106327917
2	106327918
2	106327919
2	106327926
2	106327927
5	106327957
2	106327968
2	106327984
2	106327994
2	106327998
3	106327999
2	106328016
2	106328020
5	106328027
2	106328061
2	106328063
2	106328075
2	106328078
2	106328095
3	106328107
2	106328112
2	106328125
2	106328133
2	106328136
3	106328137
2	106328138
2	106328145
2	106328161
2	106328165
2	106328181
2	106328197
2	106328212
2	106328213
2	106328219
4	106328223
2	106328233
4	106328251
2	106328269
2	106328276
3	106328278
3	106328287
2	106328294
2	106328303
2	106328308
2	106328309
2	106328321
3	106328325
2	106328348
2	106328350
2	106328370
2	106328374
2	106328375
2	106328379
2	106328391
2	106328414
5	106328431
3	106328437
2	106328449
2	106328462
2	106328468
3	106328491
2	106328499
2	106328546
2	106328553
2	106328556
2	106328564
2	106328568
3	106328569
2	106328574
2	106328576
2	106328580
2	106328581
3	106328582
2	106328586
2	106328589
2	106328604
2	106328619
3	106328633
2	106328637
2	106328647
2	106328650
2	106328656
2	106328665
2	106328666
2	106328671
2	106328686
2	106328700
2	106328707
3	106328716
2	106328727
2	106328739
2	106328740
3	106328744
2	106328746
3	106328754
2	106328767
2	106328773
2	106328777
2	106328785
2	106328786
3	106328788
2	106328795
4	106328796
2	106328804
2	106328811
2	106328813
2	106328815
2	106328816
2	106328820
2	106328826
2	106328838
2	106328846
2	106328856
2	106328868
2	106328871
2	106328877
2	106328880
2	106328882
2	106328889
2	106328893
2	106328903
3	106328904
2	106328923
4	106328931
2	106328936
3	106328948
2	106328953
5	106328954
2	106328994
2	106328998
2	106329005
2	106329006
2	106329007
3	106329026
2	106329032
3	106329047
2	106329049
2	106329050
2	106329052
2	106329053
2	106329060
3	106329067
2	106329075
2	106329078
2	106329079
3	106329081
4	106329083
2	106329087
3	106329094
3	106329109
3	106329126
4	106329134
2	106329135
2	106329138
2	106329140
2	106329141
2	106329142
2	106329158
2	106329159
3	106329167
2	106329172
2	106329201
2	106329208
2	106329214
2	106329215
4	106329217
2	106329219
2	106329225
4	106329226
3	106329243
2	106329252
2	106329270
4	106329276
2	106329285
2	106329304
5	106329307
2	106329336
2	106329340
2	106329343
2	106329356
2	106329375
2	106329384
2	106329391
2	106329393
2	106329411
2	106329422
2	106329424
3	106329435
2	106329440
2	106329446
6	106329447
2	106329462
3	106329478
3	106329484
2	106329486
3	106329487
2	106329488
2	106329489
6	106329494
3	106329500
2	106329504
2	106329512
3	106329516
2	106329525
2	106329534
3	106329548
2	106329555
2	106329556
2	106329560
3	106329562
2	106329571
2	106330014
4	106330520
2	106330884
2	106331254
2	106331258
2	106331260
7	106331266
3	106331277
2	106331294
3	106331305
2	106331306
2	106331317
2	106331321
3	106331328
4	106331336
2	106331338
4	106331341
2	106331354
2	106331370
4	106331380
2	106331396
2	106331417
2	106331418
2	106331424
2	106331428
2	106331438
2	106331447
2	106331460
3	106331472
6	106331477
2	106331489
2	106331495
2	106331515
2	106331518
2	106331545
2	106331562
2	106331571
2	106331584
2	106331587
2	106331591
2	106331593
2	106331608
2	106331621
2	106331641
2	106331643
2	106331658
2	106331665
2	106331666
2	106331669
2	106331707
2	106331714
2	106331723
2	106331746
2	106331754
3	106331760
2	106331769
2	106331786
2	106331805
2	106331815
2	106331820
2	106331827
2	106331834
2	106331837
2	106331861
2	106331863
3	106331892
2	106331911
3	106331927
3	106331930
2	106331931
2	106331936
2	106331944
2	106331946
2	106331966
2	106331986
2	106331994
2	106331997
2	106331998
2	106332008
2	106332012
2	106332032
2	106332036
2	106332045
2	106332049
2	106332062
4	106332065
2	106332076
2	106332083
2	106332085
2	106332101
2	106332118
2	106332119
3	106332121
2	106332122
2	106332147
2	106332162
4	106332168
4	106332186
2	106332192
4	106332197
2	106332221
2	106332239
2	106332240
2	106332251
2	106332256
2	106332261
2	106332297
2	106332301
2	106332311
2	106332315
2	106332337
2	106332342
2	106332354
2	106332368
2	106332379
2	106332390
2	106332413
2	106332423
2	106332432
2	106332433
2	106332446
2	106332455
2	106332460
2	106332461
4	106332480
2	106332484
2	106332489
3	106332494
3	106332503
2	106332531
2	106332542
4	106332547
2	106332549
3	106332552
2	106332565
2	106332569
2	106332574
2	106332580
2	106332590
2	106332591
2	106332598
2	106332599
2	106332604
2	106332611
3	106332618
2	106332628
2	106332649
3	106332673
2	106332687
12	106332709
2	106332715
2	106332721
2	106332725
2	106332728
2	106332729
2	106332731
2	106332746
5	106332750
4	106332793
2	106332804
3	106332820
2	106332822
2	106332841
5	106332842
2	106332850
2	106332860
3	106332861
2	106332868
2	106332892
2	106332914
2	106332921
2	106332925
2	106332960
2	106332995
2	106332999
5	106333004
3	106333007
2	106333021
2	106333032
2	106333044
2	106333052
3	106333060
3	106333082
2	106333095
2	106333100
2	106333106
2	106333112
2	106333132
2	106333140
3	106333152
2	106333155
2	106333168
3	106333171
3	106333173
2	106333183
3	106333234
2	106333235
2	106333251
2	106333260
2	106333264
2	106333281
2	106333295
2	106333305
3	106333351
2	106333377
2	106333397
2	106333401
2	106333452
2	106333454
2	106333455
2	106333492
2	106333516
2	106333527
3	106333542
3	106333558
2	106333561
2	106333610
2	106333681
2	106333686
4	106333697
4	106333700
3	106333706
2	106333708
2	106333756
2	106333765
2	106333776
2	106333790
2	106333805
2	106333871
2	106333887
2	106333898
2	106333931
2	106333935
2	106333950
2	106333956
2	106333959
2	106334001
2	106334003
2	106334012
2	106334030
2	106334072
2	106334152
2	106334220
2	106334238
2	106334256
2	106334274
6	106334275
2	106334277
2	106334279
2	106334294
2	106334311
2	106334342
2	106334402
2	106334409
3	106334438
4	106334447
2	106334448
2	106334455
4	106334479
2	106334483
2	106334486
2	106334496
2	106334498
3	106334508
2	106334519
2	106334521
2	106334529
2	106334535
4	106334537
2	106334539
2	106334545
2	106334576
3	106334584
3	106334586
2	106334590
4	106334597
2	106334602
2	106334617
2	106334624
4	106334643
2	106334659
2	106334660
4	106334671
3	106334674
2	106334676
2	106334678
2	106334686
2	106334694
2	106334698
2	106334708
2	106334710
2	106334716
2	106334720
2	106334725
2	106334731
3	106334735
2	106334738
3	106334743
2	106334752
5	106334760
2	106334772
2	106334776
2	106334779
2	106334793
7	106334797
3	106334801
2	106334807
2	106334808
2	106334838
2	106334839
3	106334855
2	106334857
2	106334858
3	106334866
2	106334871
2	106334874
2	106334888
3	106334902
2	106334908
2	106334910
2	106334912
3	106334913
2	106334920
5	106334926
7	106334945
3	106334947
2	106334950
2	106334952
2	106334953
2	106334960
2	106334965
2	106334974
2	106334999
2	106335011
2	106335012
2	106335016
3	106335023
2	106335030
2	106335032
2	106335043
2	106335045
2	106335047
2	106335050
2	106335062
2	106335065
6	106335067
3	106335109
2	106335112
2	106335122
2	106335127
2	106335141
2	106335149
2	106335151
2	106335166
2	106335173
5	106335180
2	106335201
3	106335210
3	106335214
2	106335223
2	106335227
2	106335231
2	106335238
2	106335241
3	106335248
2	106335255
2	106335257
2	106335266
2	106335275
2	106335278
2	106335289
2	106335296
2	106335298
2	106335299
3	106335309
2	106335312
2	106335313
2	106335320
2	106335323
2	106335343
3	106335348
2	106335365
2	106335367
2	106335375
2	106335380
2	106335386
2	106335397
2	106335407
2	106335411
2	106335416
2	106335442
2	106335448
2	106335456
2	106335460
2	106335472
2	106335473
2	106335491
3	106335498
2	106335505
2	106335507
2	106335527
3	106335552
3	106335557
3	106335560
2	106335565
9	106335582
4	106335587
2	106335594
6	106335602
3	106335606
2	106335621
4	106335627
2	106335635
2	106335645
3	106335654
3	106335655
2	106335658
2	106335669
2	106335671
2	106335692
2	106335698
4	106335699
2	106335705
2	106335709
2	106335712
2	106335717
2	106335738
2	106335740
2	106335750
2	106335754
2	106335756
3	106335774
2	106335777
5	106335779
2	106335786
2	106335796
2	106335806
5	106335833
2	106335835
2	106335839
2	106335842
5	106335852
2	106335857
7	106335861
3	106335870
2	106335887
5	106335890
3	106335895
2	106335897
3	106335898
3	106335901
5	106335903
2	106335907
2	106335911
5	106335920
2	106335924
3	106335928
2	106335939
2	106335941
3	106335944
2	106335956
2	106335963
2	106335986
2	106335993
2	106336004
2	106336015
3	106336017
2	106336026
2	106336040
2	106336046
3	106336054
2	106336058
2	106336061
2	106336062
4	106336073
2	106336085
2	106336088
3	106336105
3	106336116
2	106336120
2	106336130
5	106336131
2	106336135
5	106336137
2	106336171
2	106336177
3	106336180
2	106336182
2	106336189
2	106336200
2	106336211
3	106336214
2	106336221
2	106336225
2	106336228
2	106336240
4	106336250
2	106336253
2	106336256
2	106336263
2	106336266
2	106336274
2	106336277
3	106336308
2	106336315
3	106336331
7	106336351
3	106336366
2	106336368
2	106336370
2	106336374
2	106336379
2	106336380
3	106336381
2	106336391
2	106336397
2	106336405
2	106336411
2	106336423
2	106336444
2	106336457
3	106336479
2	106336493
2	106336494
2	106336502
2	106336504
2	106336507
3	106336510
2	106336512
2	106336520
2	106336522
2	106336529
3	106336541
3	106336555
2	106336578
2	106336584
2	106336590
2	106336594
2	106336598
2	106336599
2	106336601
2	106336602
4	106336612
3	106336617
2	106336633
2	106336638
2	106336653
2	106336656
2	106336657
2	106336663
2	106336664
2	106336668
2	106336674
2	106336675
2	106336678
2	106336681
3	106336682
2	106336684
2	106336689
2	106336709
2	106336714
2	106336716
2	106336718
2	106336724
2	106336725
2	106336754
2	106336760
2	106336761
2	106336765
2	106336769
2	106336780
2	106336786
3	106336809
2	106336828
2	106336829
2	106336836
2	106336837
3	106336843
2	106336844
2	106336848
3	106336860
4	106336863
2	106336866
3	106336868
2	106336877
2	106336899
2	106336906
2	106336912
3	106336923
2	106336925
2	106336929
2	106336933
3	106336942
2	106336943
2	106336945
5	106336948
3	106336960
3	106336962
2	106336972
2	106336984
2	106336985
3	106336988
2	106336989
2	106336997
2	106337004
2	106337030
3	106337044
3	106337056
5	106337066
2	106337073
4	106337079
2	106337091
3	106337100
3	106337105
2	106337106
2	106337108
3	106337113
2	106337114
2	106337116
2	106337117
3	106337132
2	106337137
2	106337143
2	106337148
3	106337167
2	106337179
2	106337183
2	106337188
2	106337201
2	106337217
2	106337235
2	106337237
2	106337238
2	106337241
3	106337244
2	106337248
2	106337254
3	106337265
2	106337271
2	106337273
2	106337275
2	106337289
2	106337294
4	106337299
3	106337301
2	106337307
2	106337314
2	106337318
2	106337334
2	106337335
2	106337343
2	106337348
2	106337369
2	106337373
2	106337386
2	106337397
2	106337401
3	106337404
2	106337405
2	106337409
2	106337424
2	106337436
2	106337441
2	106337445
4	106337451
2	106337458
2	106337461
2	106337464
5	106337466
2	106337495
2	106337536
2	106337537
2	106337548
2	106337550
2	106337554
2	106337562
2	106337570
2	106337581
2	106337583
2	106337592
2	106337606
2	106337607
2	106337608
2	106337621
2	106337633
2	106337641
2	106337662
2	106337667
2	106337679
2	106337685
2	106337692
3	106337693
2	106337702
2	106337722
2	106337771
2	106338434
2	106338475
2	106338483
2	106338527
2	106338895
2	106338990
2	106339257
2	106339258
3	106339259
2	106339269
2	106339279
2	106339300
2	106339306
2	106339327
2	106339329
2	106339343
2	106339346
2	106339365
2	106339368
2	106339369
2	106339382
2	106339394
2	106339396
2	106339398
2	106339399
2	106339422
2	106339429
3	106339431
3	106339435
2	106339438
4	106339444
2	106339453
2	106339456
5	106339458
2	106339475
2	106339476
2	106339477
2	106339479
2	106339484
3	106339487
2	106339490
2	106339507
3	106339517
3	106339535
2	106339536
2	106339546
3	106339556
2	106339558
2	106339571
2	106339584
2	106339587
4	106339593
2	106339600
2	106339605
2	106339608
2	106339616
2	106339622
2	106339633
2	106339657
2	106339658
2	106339665
2	106339673
2	106339675
2	106339680
2	106339682
2	106339689
2	106339690
2	106339694
2	106339695
2	106339700
3	106339710
3	106339711
2	106339724
2	106339729
3	106339731
2	106339738
2	106339745
2	106339751
3	106339757
4	106339760
2	106339774
2	106339776
2	106339777
2	106339782
3	106339799
2	106339804
3	106339811
2	106339839
2	106339847
2	106339863
2	106339878
3	106339887
2	106339891
3	106339899
2	106339903
3	106339961
2	106339983
2	106339989
2	106339993
6	106339997
2	106340001
2	106340003
2	106340012
4	106340018
2	106340019
2	106340025
2	106340036
2	106340040
2	106340046
2	106340101
2	106340131
2	106340145
2	106340155
2	106340172
2	106340174
3	106340186
2	106340192
4	106340193
2	106340194
2	106340202
2	106340212
2	106340215
2	106340230
4	106340236
2	106340242
2	106340249
2	106340251
3	106340253
2	106340264
2	106340283
2	106340305
2	106340316
4	106340319
2	106340326
2	106340331
4	106340356
2	106340362
2	106340370
2	106340377
2	106340384
2	106340403
2	106340416
2	106340418
2	106340426
2	106340436
2	106340448
2	106340459
2	106340521
2	106340552
3	106340637
3	106340649
2	106340660
9	106340689
2	106340699
2	106340713
2	106340728
2	106340730
2	106340741
2	106340768
2	106340818
2	106340823
3	106340835
2	106340857
2	106340858
3	106340872
2	106340884
2	106340933
2	106340956
2	106340958
2	106340963
2	106340973
2	106340984
3	106341015
2	106341045
2	106341075
2	106341080
3	106341087
3	106341099
2	106341115
2	106341127
2	106341243
3	106341255
2	106341262
3	106341267
2	106341331
2	106341349
2	106341351
2	106341352
2	106341380
2	106341396
2	106341433
2	106341451
3	106341454
2	106341470
2	106341489
2	106341524
2	106341560
2	106341596
2	106341601
2	106341613
4	106341630
2	106341663
2	106341670
2	106341676
3	106341678
3	106341720
2	106341725
2	106341726
2	106341738
5	106341744
2	106341745
2	106341761
2	106341769
2	106341778
2	106341781
2	106341787
3	106341789
2	106341795
2	106341796
4	106341801
2	106341807
2	106341808
2	106341811
2	106341838
2	106341842
2	106341852
2	106341853
2	106341859
2	106341862
2	106341867
2	106341869
2	106341870
2	106341871
2	106341882
2	106341897
2	106341901
2	106341918
2	106341922
2	106341927
2	106341936
2	106341942
2	106341943
2	106341948
5	106341956
2	106341957
2	106341958
2	106341974
2	106341978
2	106342005
2	106342006
2	106342008
2	106342009
2	106342011
2	106342020
2	106342030
2	106342037
2	106342041
2	106342044
5	106342046
3	106342058
4	106342082
2	106342086
6	106342088
3	106342099
2	106342104
2	106342107
2	106342108
2	106342109
2	106342110
2	106342120
3	106342123
2	106342136
2	106342139
2	106342141
2	106342144
2	106342150
4	106342155
2	106342161
2	106342169
2	106342177
2	106342179
3	106342182
2	106342188
2	106342201
3	106342209
2	106342211
3	106342213
2	106342244
2	106342251
2	106342253
2	106342276
2	106342299
2	106342306
2	106342313
2	106342321
2	106342322
2	106342323
2	106342326
3	106342334
2	106342348
2	106342361
2	106342372
3	106342375
3	106342385
3	106342394
2	106342414
2	106342418
3	106342423
2	106342431
2	106342433
3	106342439
2	106342442
2	106342443
4	106342447
2	106342455
2	106342459
2	106342480
2	106342487
2	106342499
2	106342519
2	106342526
2	106342528
2	106342530
2	106342531
4	106342539
2	106342550
2	106342551
2	106342557
2	106342570
2	106342592
2	106342604
2	106342606
2	106342608
3	106342609
2	106342612
2	106342614
2	106342617
3	106342633
2	106342635
3	106342637
2	106342658
2	106342659
2	106342667
2	106342668
3	106342672
2	106342683
2	106342699
2	106342701
2	106342705
2	106342706
2	106342710
2	106342714
2	106342721
3	106342722
2	106342729
2	106342739
2	106342740
2	106342744
2	106342750
2	106342758
2	106342763
3	106342773
2	106342774
3	106342775
2	106342776
2	106342782
2	106342785
2	106342787
2	106342829
3	106342831
2	106342849
3	106342853
2	106342854
4	106342867
2	106342871
2	106342874
2	106342881
2	106342889
2	106342892
2	106342895
2	106342896
2	106342900
2	106342910
2	106342930
3	106342932
2	106342936
2	106342954
2	106342960
2	106342966
2	106342972
3	106342974
2	106342981
2	106342990
2	106343001
2	106343006
3	106343007
2	106343009
2	106343017
2	106343020
2	106343027
2	106343037
2	106343039
2	106343043
2	106343045
2	106343054
2	106343066
2	106343071
2	106343085
2	106343091
2	106343104
2	106343110
2	106343120
2	106343123
2	106343125
3	106343127
2	106343128
2	106343147
3	106343151
2	106343153
2	106343165
2	106343190
2	106343192
2	106343203
2	106343205
2	106343242
2	106343247
2	106343256
2	106343260
2	106343263
2	106343264
2	106343274
2	106343284
2	106343289
2	106343304
2	106343310
2	106343330
2	106343336
2	106343353
2	106343374
6	106343377
4	106343378
2	106343385
4	106343402
2	106343411
2	106343433
3	106343436
2	106343438
4	106343442
3	106343467
3	106343472
2	106343477
2	106343494
2	106343496
4	106343508
2	106343511
2	106343532
2	106343533
3	106343534
2	106343537
3	106343542
2	106343547
2	106343548
2	106343569
2	106343579
2	106343589
2	106343590
3	106343593
2	106343597
2	106343604
2	106343629
2	106343640
3	106343645
2	106343656
2	106343661
2	106343667
2	106343670
2	106343673
2	106343676
3	106343681
2	106343691
3	106343705
3	106343732
3	106343757
2	106343772
2	106343774
2	106343775
2	106343780
2	106343786
2	106343790
2	106343802
4	106343805
4	106343806
2	106343807
2	106343810
2	106343813
2	106343814
2	106343820
2	106343822
2	106343841
2	106343845
2	106343850
2	106343852
2	106343853
2	106343856
2	106343857
7	106343870
4	106343871
2	106343873
4	106343882
2	106343883
2	106343888
2	106343890
2	106343895
2	106343907
2	106343912
3	106343914
2	106343921
2	106343943
2	106343948
2	106343949
2	106343954
2	106343955
2	106343973
2	106343983
2	106343988
3	106343991
2	106343996
2	106343998
2	106344004
2	106344006
3	106344036
2	106344042
5	106344043
3	106344047
2	106344050
2	106344060
3	106344076
2	106344082
3	106344083
2	106344086
2	106344090
2	106344094
2	106344114
2	106344127
2	106344128
2	106344130
2	106344139
2	106344140
4	106344144
2	106344146
3	106344160
4	106344162
2	106344163
2	106344164
2	106344165
5	106344170
2	106344173
2	106344184
2	106344309
2	106344472
3	106344522
2	106344621
2	106344622
2	106344802
3	106344910
2	106344949
2	106344980
2	106345135
